image_width: 480
image_height: 320
camera_name: narrow_stereo/right
camera_matrix:
  rows: 3
  cols: 3
  data: [453.72257,   0.     , 246.55305,
           0.     , 457.46157, 162.02863,
           0.     ,   0.     ,   1.     ]
distortion_model: plumb_bob
distortion_coefficients:
  rows: 1
  cols: 5
  data: [-0.063428, 0.065997, 0.005290, -0.000070, 0.000000]
rectification_matrix:
  rows: 3
  cols: 3
  data: [ 0.99976256,  0.01287327, -0.01758106,
         -0.01300445,  0.99988829, -0.00736771,
          0.01748425,  0.00759459,  0.9998183 ]
projection_matrix:
  rows: 3
  cols: 4
  data: [471.31842,   0.     , 262.81739, -36.74684,
           0.     , 471.31842, 171.66326,   0.     ,
           0.     ,   0.     ,   1.     ,   0.     ]
