# oST version 5.0 parameters


[image]

width
480

height
320

[narrow_stereo/left]

camera matrix
447.903165 0.000000 238.007249
0.000000 450.466405 174.103762
0.000000 0.000000 1.000000

distortion
-0.083212 0.071304 -0.003134 0.000293 0.000000

rectification
0.999609 -0.008465 -0.026660
0.009248 0.999525 0.029386
0.026398 -0.029621 0.999213

projection
481.946064 0.000000 256.015163 0.000000
0.000000 481.946064 168.447926 0.000000
0.000000 0.000000 1.000000 0.000000
# oST version 5.0 parameters


[image]

width
480

height
320

[narrow_stereo/right]

camera matrix
450.673431 0.000000 249.860164
0.000000 453.199858 161.548949
0.000000 0.000000 1.000000

distortion
-0.069386 0.007777 0.004930 0.000198 0.000000

rectification
0.999913 0.001886 -0.013081
-0.002271 0.999562 -0.029492
0.013020 0.029519 0.999479

projection
481.946064 0.000000 256.015163 -37.957400
0.000000 481.946064 168.447926 0.000000
0.000000 0.000000 1.000000 0.000000
