Stereo RMS re-projection error: 0.4002582007348258

Left:
D = [-0.08321227997423902, 0.07130359539781482, -0.0031341237797576, 0.0002927736339862293, 0.0]
K = [447.90316535655916, 0.0, 238.00724861477346, 0.0, 450.46640510019705, 174.1037617498794, 0.0, 0.0, 1.0]
R = [0.9996087244918391, -0.008465185373440726, -0.02665968035051516, 0.009248196847324452, 0.9995253659978885, 0.029385601607934818, 0.02639827219481413, -0.029620657713501374, 0.9992125639030707]
P = [481.9460638543312, 0.0, 256.01516342163086, 0.0, 0.0, 481.9460638543312, 168.44792556762695, 0.0, 0.0, 0.0, 1.0, 0.0]

Right:
D = [-0.06938586374356788, 0.007777227587559047, 0.004930078746885331, 0.00019759288041435488, 0.0]
K = [450.6734305985347, 0.0, 249.8601643588968, 0.0, 453.1998578063282, 161.5489489992353, 0.0, 0.0, 1.0]
R = [0.99991265959129, 0.0018855192926234361, -0.013081208127303921, -0.0022706810781447863, 0.9995624428898615, -0.029491808549050334, 0.013019876977685025, 0.029518935974212006, 0.9994794221105486]
P = [481.9460638543312, 0.0, 256.01516342163086, -37.957399693607364, 0.0, 481.9460638543312, 168.44792556762695, 0.0, 0.0, 0.0, 1.0, 0.0]
self.T = [-0.07875172623108348, -0.00014850086926280296, 0.0010302577043418346]
self.R = [0.9998441208081039, -0.011119706675815596, -0.013714452556103249, 0.011908180674890684, 0.998197684998336, 0.05881816808586315, 0.013035694016198175, -0.0589723137362484, 0.9981745022259934]
None
# oST version 5.0 parameters


[image]

width
480

height
320

[narrow_stereo/left]

camera matrix
447.903165 0.000000 238.007249
0.000000 450.466405 174.103762
0.000000 0.000000 1.000000

distortion
-0.083212 0.071304 -0.003134 0.000293 0.000000

rectification
0.999609 -0.008465 -0.026660
0.009248 0.999525 0.029386
0.026398 -0.029621 0.999213

projection
481.946064 0.000000 256.015163 0.000000
0.000000 481.946064 168.447926 0.000000
0.000000 0.000000 1.000000 0.000000
# oST version 5.0 parameters


[image]

width
480

height
320

[narrow_stereo/right]

camera matrix
450.673431 0.000000 249.860164
0.000000 453.199858 161.548949
0.000000 0.000000 1.000000

distortion
-0.069386 0.007777 0.004930 0.000198 0.000000

rectification
0.999913 0.001886 -0.013081
-0.002271 0.999562 -0.029492
0.013020 0.029519 0.999479

projection
481.946064 0.000000 256.015163 -37.957400
0.000000 481.946064 168.447926 0.000000
0.000000 0.000000 1.000000 0.000000

