stereo pinhole calibration...
Stereo RMS re-projection error: 1.4832750116661373

Left:
D = [-0.07854939232689595, 0.1496464146806356, -0.006615764479630712, -0.0013642083253819766, 0.0]
K = [462.7133573010584, 0.0, 239.5, 0.0, 462.7133573010584, 159.5, 0.0, 0.0, 1.0]
R = [0.9981628878578797, -0.012081761607659868, 0.05937070270489982, 0.011207248047782392, 0.9998240719710748, 0.01504070139238137, -0.059541975902831806, -0.014347687745242471, 0.9981226863276635]
P = [495.56901109778266, 0.0, 201.0180549621582, 0.0, 0.0, 495.56901109778266, 159.34462547302246, 0.0, 0.0, 0.0, 1.0, 0.0]

Right:
D = [-0.0363155883898657, 0.0016650626790761078, 0.005734791413771848, -0.0008201163457848612, 0.0]
K = [457.5638324571468, 0.0, 239.5, 0.0, 457.5638324571468, 159.5, 0.0, 0.0, 1.0]
R = [0.9975836220695535, 0.0008093498438453235, 0.06947130293452364, 0.00021264924178033092, 0.9998918906577303, -0.014702441198983304, -0.06947569185614533, 0.014681687564440903, 0.9974756018526819]
P = [495.56901109778266, 0.0, 201.0180549621582, -39.67971831115875, 0.0, 495.56901109778266, 159.34462547302246, 0.0, 0.0, 0.0, 1.0, 0.0]
self.T = [-0.07987552939974873, -6.48038378102526e-05, -0.005562498197868713]
self.R = [0.9998900522678001, -0.010843140142096688, -0.010114825147014611, 0.011139722729813959, 0.99949555500765, 0.02974125245265711, 0.009787234205775092, -0.02985065881699544, 0.9995064523127366]
None
# oST version 5.0 parameters


[image]

width
480

height
320

[narrow_stereo/left]

camera matrix
462.713357 0.000000 239.500000
0.000000 462.713357 159.500000
0.000000 0.000000 1.000000

distortion
-0.078549 0.149646 -0.006616 -0.001364 0.000000

rectification
0.998163 -0.012082 0.059371
0.011207 0.999824 0.015041
-0.059542 -0.014348 0.998123

projection
495.569011 0.000000 201.018055 0.000000
0.000000 495.569011 159.344625 0.000000
0.000000 0.000000 1.000000 0.000000
# oST version 5.0 parameters


[image]

width
480

height
320

[narrow_stereo/right]

camera matrix
457.563832 0.000000 239.500000
0.000000 457.563832 159.500000
0.000000 0.000000 1.000000

distortion
-0.036316 0.001665 0.005735 -0.000820 0.000000

rectification
0.997584 0.000809 0.069471
0.000213 0.999892 -0.014702
-0.069476 0.014682 0.997476

projection
495.569011 0.000000 201.018055 -39.679718
0.000000 495.569011 159.344625 0.000000
0.000000 0.000000 1.000000 0.000000

