Stereo RMS re-projection error: 0.49732162070368874

Left:
D = [-0.057245066886761904, 0.03341294959021473, 0.0015619427458620691, -0.00414662817745702, 0.0]
K = [452.78409064285785, 0.0, 236.21553778778488, 0.0, 456.06820681444685, 177.58415711643676, 0.0, 0.0, 1.0]
R = [0.9997460991827368, -0.02008872063813765, 0.010206883560820881, 0.02010131937279391, 0.99979730581957, -0.0011332411050006107, -0.01018204932094876, 0.0013381252004148543, 0.9999472662558629]
P = [485.9461510360019, 0.0, 222.17339897155762, 0.0, 0.0, 485.9461510360019, 173.34516143798828, 0.0, 0.0, 0.0, 1.0, 0.0]

Right:
D = [-0.07041201550703295, 0.052492807996846184, 0.005498367545862888, -0.005002635761549398, 0.0]
K = [450.5833345280334, 0.0, 242.6871950408348, 0.0, 454.4648187141854, 166.4602758611088, 0.0, 0.0, 1.0]
R = [0.999153482857284, -0.008528148007380582, 0.04024410995069195, 0.008478398839292325, 0.9999630682946037, 0.0014066982489629913, -0.04025462019794819, -0.001064301839686337, 0.9991888874553764]
P = [485.9461510360019, 0.0, 222.17339897155762, -38.124169502571085, 0.0, 485.9461510360019, 173.34516143798828, 0.0, 0.0, 0.0, 1.0, 0.0]
self.T = [-0.07838707366716702, 0.000669062939346831, -0.003157290712086907]
self.R = [0.9994800985025053, -0.011648900596274424, -0.030063862232263785, 0.011585431066981485, 0.9999302770137839, -0.002284490781240253, 0.030088377896035533, 0.0019350002675629788, 0.9995453693002384]
None
# oST version 5.0 parameters


[image]

width
480

height
320

[narrow_stereo/left]

camera matrix
452.784091 0.000000 236.215538
0.000000 456.068207 177.584157
0.000000 0.000000 1.000000

distortion
-0.057245 0.033413 0.001562 -0.004147 0.000000

rectification
0.999746 -0.020089 0.010207
0.020101 0.999797 -0.001133
-0.010182 0.001338 0.999947

projection
485.946151 0.000000 222.173399 0.000000
0.000000 485.946151 173.345161 0.000000
0.000000 0.000000 1.000000 0.000000
# oST version 5.0 parameters


[image]

width
480

height
320

[narrow_stereo/right]

camera matrix
450.583335 0.000000 242.687195
0.000000 454.464819 166.460276
0.000000 0.000000 1.000000

distortion
-0.070412 0.052493 0.005498 -0.005003 0.000000

rectification
0.999153 -0.008528 0.040244
0.008478 0.999963 0.001407
-0.040255 -0.001064 0.999189

projection
485.946151 0.000000 222.173399 -38.124170
0.000000 485.946151 173.345161 0.000000
0.000000 0.000000 1.000000 0.000000

