mono pinhole calibration...
mono pinhole calibration...
stereo pinhole calibration...
Stereo RMS re-projection error: 1.0023075814772298

Left:
D = [-0.07410937205301789, 0.14395585814304437, 0.002132824731934213, -0.0007238967264648497, 0.0]
K = [448.3275059460433, 0.0, 243.44240328595106, 0.0, 449.38307139154847, 177.30248715045954, 0.0, 0.0, 1.0]
R = [0.9934891005147596, -0.022132052560422655, -0.11175678685358148, 0.023611168636992398, 0.9996500462456414, 0.01192886233815073, 0.11145366693819302, -0.014489903055222084, 0.9936639888994069]
P = [494.24103690933885, 0.0, 306.75583839416504, 0.0, 0.0, 494.24103690933885, 168.5195026397705, 0.0, 0.0, 0.0, 1.0, 0.0]

Right:
D = [-0.06734759628718505, 0.047993045540343844, 0.0074494526196978595, 0.003213851603499024, 0.0]
K = [459.75773035639327, 0.0, 254.47617762174613, 0.0, 460.296047615306, 154.93060979245698, 0.0, 0.0, 1.0]
R = [0.9965055441408702, -0.01690902355896386, -0.08179722133905667, 0.015824340279622758, 0.9997782928709598, -0.013890837222577081, 0.08201396680580042, 0.01254790924065958, 0.9965521859001992]
P = [494.24103690933885, 0.0, 306.75583839416504, -39.19437692131693, 0.0, 494.24103690933885, 168.5195026397705, 0.0, 0.0, 0.0, 1.0, 0.0]
self.T = [-0.07902503229088156, 0.0013409219252326502, 0.006486695528820375]
self.R = [0.9995317852140491, -0.007424285015537431, -0.029683165916462865, 0.008205513763682535, 0.9996208301135527, 0.026284321314533843, 0.029476768660933867, -0.0265155802331329, 0.9992137129334295]
None
# oST version 5.0 parameters


[image]

width
480

height
320

[narrow_stereo/left]

camera matrix
448.327506 0.000000 243.442403
0.000000 449.383071 177.302487
0.000000 0.000000 1.000000

distortion
-0.074109 0.143956 0.002133 -0.000724 0.000000

rectification
0.993489 -0.022132 -0.111757
0.023611 0.999650 0.011929
0.111454 -0.014490 0.993664

projection
494.241037 0.000000 306.755838 0.000000
0.000000 494.241037 168.519503 0.000000
0.000000 0.000000 1.000000 0.000000
# oST version 5.0 parameters


[image]

width
480

height
320

[narrow_stereo/right]

camera matrix
459.757730 0.000000 254.476178
0.000000 460.296048 154.930610
0.000000 0.000000 1.000000

distortion
-0.067348 0.047993 0.007449 0.003214 0.000000

rectification
0.996506 -0.016909 -0.081797
0.015824 0.999778 -0.013891
0.082014 0.012548 0.996552

projection
494.241037 0.000000 306.755838 -39.194377
0.000000 494.241037 168.519503 0.000000
0.000000 0.000000 1.000000 0.000000

