image_width: 480
image_height: 320
camera_name: narrow_stereo/right
camera_matrix:
  rows: 3
  cols: 3
  data: [450.67343,   0.     , 249.86016,
           0.     , 453.19986, 161.54895,
           0.     ,   0.     ,   1.     ]
distortion_model: plumb_bob
distortion_coefficients:
  rows: 1
  cols: 5
  data: [-0.069386, 0.007777, 0.004930, 0.000198, 0.000000]
rectification_matrix:
  rows: 3
  cols: 3
  data: [ 0.99991266,  0.00188552, -0.01308121,
         -0.00227068,  0.99956244, -0.02949181,
          0.01301988,  0.02951894,  0.99947942]
projection_matrix:
  rows: 3
  cols: 4
  data: [481.94606,   0.     , 256.01516, -37.9574 ,
           0.     , 481.94606, 168.44793,   0.     ,
           0.     ,   0.     ,   1.     ,   0.     ]
