image_width: 480
image_height: 320
camera_name: narrow_stereo/left
camera_matrix:
  rows: 3
  cols: 3
  data: [447.90317,   0.     , 238.00725,
           0.     , 450.46641, 174.10376,
           0.     ,   0.     ,   1.     ]
distortion_model: plumb_bob
distortion_coefficients:
  rows: 1
  cols: 5
  data: [-0.083212, 0.071304, -0.003134, 0.000293, 0.000000]
rectification_matrix:
  rows: 3
  cols: 3
  data: [ 0.99960872, -0.00846519, -0.02665968,
          0.0092482 ,  0.99952537,  0.0293856 ,
          0.02639827, -0.02962066,  0.99921256]
projection_matrix:
  rows: 3
  cols: 4
  data: [481.94606,   0.     , 256.01516,   0.     ,
           0.     , 481.94606, 168.44793,   0.     ,
           0.     ,   0.     ,   1.     ,   0.     ]
