image_width: 480
image_height: 320
camera_name: narrow_stereo/left
camera_matrix:
  rows: 3
  cols: 3
  data: [462.71336,   0.     , 239.5    ,
           0.     , 462.71336, 159.5    ,
           0.     ,   0.     ,   1.     ]
distortion_model: plumb_bob
distortion_coefficients:
  rows: 1
  cols: 5
  data: [-0.078549, 0.149646, -0.006616, -0.001364, 0.000000]
rectification_matrix:
  rows: 3
  cols: 3
  data: [ 0.99816289, -0.01208176,  0.0593707 ,
          0.01120725,  0.99982407,  0.0150407 ,
         -0.05954198, -0.01434769,  0.99812269]
projection_matrix:
  rows: 3
  cols: 4
  data: [495.56901,   0.     , 201.01805,   0.     ,
           0.     , 495.56901, 159.34463,   0.     ,
           0.     ,   0.     ,   1.     ,   0.     ]
