# oST version 5.0 parameters


[image]

width
480

height
320

[narrow_stereo/left]

camera matrix
462.713357 0.000000 239.500000
0.000000 462.713357 159.500000
0.000000 0.000000 1.000000

distortion
-0.078549 0.149646 -0.006616 -0.001364 0.000000

rectification
0.998163 -0.012082 0.059371
0.011207 0.999824 0.015041
-0.059542 -0.014348 0.998123

projection
495.569011 0.000000 201.018055 0.000000
0.000000 495.569011 159.344625 0.000000
0.000000 0.000000 1.000000 0.000000
# oST version 5.0 parameters


[image]

width
480

height
320

[narrow_stereo/right]

camera matrix
457.563832 0.000000 239.500000
0.000000 457.563832 159.500000
0.000000 0.000000 1.000000

distortion
-0.036316 0.001665 0.005735 -0.000820 0.000000

rectification
0.997584 0.000809 0.069471
0.000213 0.999892 -0.014702
-0.069476 0.014682 0.997476

projection
495.569011 0.000000 201.018055 -39.679718
0.000000 495.569011 159.344625 0.000000
0.000000 0.000000 1.000000 0.000000
