#--------------------------------------------------------------------------------------------
# System config
#--------------------------------------------------------------------------------------------

# When the variables are commented, the system doesn't load a previous session or not store the current one

# If the LoadFile doesn't exist, the system give a message and create a new Atlas from scratch
#System.LoadAtlasFromFile: "Session_MH01_MH02_MH03_Stereo60_Pseudo"

# The store file is created from the current session, if a file with the same name exists it is deleted
#System.SaveAtlasToFile: "Session_MH01_MH02_MH03_Stereo60_Pseudo"

#--------------------------------------------------------------------------------------------
# Camera Parameters. Adjust them!
#--------------------------------------------------------------------------------------------
File.version: "1.0"

# Camera calibration and distortion parameters (OpenCV) 
# Get intrinsic value from left camera
Camera1.fx: 485.9461510360019
Camera1.fy: 485.9461510360019
Camera1.cx: 222.17339897155762
Camera1.cy: 173.34516143798828

Camera1.k1: 0.0
Camera1.k2: 0.0
Camera1.p1: 0.0
Camera1.p2: 0.0

# Camera 2 intrinsics is only needed for Camera.type: "Pinhole"
Camera2.fx: 485.9461510360019
Camera2.fy: 485.9461510360019
Camera2.cx: 222.17339897155762
Camera2.cy: 173.34516143798828

Camera2.k1: 0.0
Camera2.k2: 0.0
Camera2.p1: 0.0
Camera2.p2: 0.0

#--------------------------------------------------------------------------------------------
# Stereo Rectification. Only if you need to pre-rectify the images.
# Camera.fx, .fy, etc must be the same as in LEFT.P
#--------------------------------------------------------------------------------------------
LEFT.width: 480
LEFT.height: 320
LEFT.D: !!opencv-matrix
  rows: 1
  cols: 5
  dt: d
  data: [-0.057245066886761904, 0.03341294959021473, 0.0015619427458620691, -0.00414662817745702, 0.0]
LEFT.K: !!opencv-matrix
  rows: 3
  cols: 3
  dt: d
  data: [452.78409064285785, 0.0, 236.21553778778488, 0.0, 456.06820681444685, 177.58415711643676, 0.0, 0.0, 1.0]
LEFT.R:  !!opencv-matrix
  rows: 3
  cols: 3
  dt: d
  data: [0.9997460991827368, -0.02008872063813765, 0.010206883560820881, 0.02010131937279391, 0.99979730581957, -0.0011332411050006107, -0.01018204932094876, 0.0013381252004148543, 0.9999472662558629]
LEFT.P:  !!opencv-matrix
  rows: 3
  cols: 4
  dt: d
  data: [485.9461510360019, 0.0, 222.17339897155762, 0.0, 0.0, 485.9461510360019, 173.34516143798828, 0.0, 0.0, 0.0, 1.0, 0.0]

RIGHT.width: 480
RIGHT.height: 320
RIGHT.D: !!opencv-matrix
  rows: 1
  cols: 5
  dt: d
  data: [-0.07041201550703295, 0.052492807996846184, 0.005498367545862888, -0.005002635761549398, 0.0]
RIGHT.K: !!opencv-matrix
  rows: 3
  cols: 3
  dt: d
  data: [450.5833345280334, 0.0, 242.6871950408348, 0.0, 454.4648187141854, 166.4602758611088, 0.0, 0.0, 1.0]
RIGHT.R:  !!opencv-matrix
  rows: 3
  cols: 3
  dt: d
  data: [0.999153482857284, -0.008528148007380582, 0.04024410995069195, 0.008478398839292325, 0.9999630682946037, 0.0014066982489629913, -0.04025462019794819, -0.001064301839686337, 0.9991888874553764]
RIGHT.P:  !!opencv-matrix
  rows: 3
  cols: 4
  dt: d
  data: [485.9461510360019, 0.0, 222.17339897155762, -38.124169502571085, 0.0, 485.9461510360019, 173.34516143798828, 0.0, 0.0, 0.0, 1.0, 0.0]