Stereo RMS re-projection error: 0.6272491865971737

Left:
D = [-0.031285977684881915, -0.016341363575014863, 0.0029290794212956184, -0.000786366442651038, 0.0]
K = [477.09833315022854, 0.0, 239.5, 0.0, 477.09833315022854, 159.5, 0.0, 0.0, 1.0]
R = [0.9921096345429714, 0.015054816618936453, -0.12446616224332505, -0.012643131352444749, 0.9997171550146106, 0.02014351506311976, 0.1247342145388199, -0.01841093332950555, 0.9920193613318846]
P = [523.0961115992801, 0.0, 323.655065536499, 0.0, 0.0, 523.0961115992801, 161.17476844787598, 0.0, 0.0, 0.0, 1.0, 0.0]

Right:
D = [-0.05367673005043741, 0.0239422867787925, 0.008692622584396325, -0.0022599712147388547, 0.0]
K = [466.8231027161428, 0.0, 239.5, 0.0, 466.8231027161428, 159.5, 0.0, 0.0, 1.0]
R = [0.9879180495048172, -0.004814826127322274, -0.15490237219604192, 0.0018128487017971828, 0.9998079162529533, -0.019515229373800028, 0.15496658040423372, 0.018998632774262718, 0.9877370150553876]
P = [523.0961115992801, 0.0, 323.655065536499, 41.47347605249768, 0.0, 523.0961115992801, 161.17476844787598, 0.0, 0.0, 0.0, 1.0, 0.0]
self.T = [0.07832670643010882, -0.0003817416563811314, -0.012281375604391858]
self.R = [0.9994297296548595, 0.013832181636341465, 0.030803997032750524, -0.01504775866555684, 0.9991028567117307, 0.03958594030210814, -0.030228801517056612, -0.040026896727552684, 0.9987412413118847]
None
# oST version 5.0 parameters


[image]

width
480

height
320

[narrow_stereo/left]

camera matrix
477.098333 0.000000 239.500000
0.000000 477.098333 159.500000
0.000000 0.000000 1.000000

distortion
-0.031286 -0.016341 0.002929 -0.000786 0.000000

rectification
0.992110 0.015055 -0.124466
-0.012643 0.999717 0.020144
0.124734 -0.018411 0.992019

projection
523.096112 0.000000 323.655066 0.000000
0.000000 523.096112 161.174768 0.000000
0.000000 0.000000 1.000000 0.000000
# oST version 5.0 parameters


[image]

width
480

height
320

[narrow_stereo/right]

camera matrix
466.823103 0.000000 239.500000
0.000000 466.823103 159.500000
0.000000 0.000000 1.000000

distortion
-0.053677 0.023942 0.008693 -0.002260 0.000000

rectification
0.987918 -0.004815 -0.154902
0.001813 0.999808 -0.019515
0.154967 0.018999 0.987737

projection
523.096112 0.000000 323.655066 41.473476
0.000000 523.096112 161.174768 0.000000
0.000000 0.000000 1.000000 0.000000
