image_width: 480
image_height: 320
camera_name: narrow_stereo/left
camera_matrix:
  rows: 3
  cols: 3
  data: [449.70306,   0.     , 251.68953,
           0.     , 451.69308, 175.44855,
           0.     ,   0.     ,   1.     ]
distortion_model: plumb_bob
distortion_coefficients:
  rows: 1
  cols: 5
  data: [-0.087336, 0.127123, 0.002497, -0.000602, 0.000000]
rectification_matrix:
  rows: 3
  cols: 3
  data: [ 0.99853402,  0.02017943, -0.05022541,
         -0.01904403,  0.99955446,  0.0229829 ,
          0.05066682, -0.02199272,  0.99847343]
projection_matrix:
  rows: 3
  cols: 4
  data: [499.56734,   0.     , 299.29644,   0.     ,
           0.     , 499.56734, 173.29721,   0.     ,
           0.     ,   0.     ,   1.     ,   0.     ]
