# oST version 5.0 parameters


[image]

width
480

height
320

[narrow_stereo/left]

camera matrix
449.703061 0.000000 251.689528
0.000000 451.693076 175.448546
0.000000 0.000000 1.000000

distortion
-0.087336 0.127123 0.002497 -0.000602 0.000000

rectification
0.998534 0.020179 -0.050225
-0.019044 0.999554 0.022983
0.050667 -0.021993 0.998473

projection
499.567344 0.000000 299.296438 0.000000
0.000000 499.567344 173.297215 0.000000
0.000000 0.000000 1.000000 0.000000
# oST version 5.0 parameters


[image]

width
480

height
320

[narrow_stereo/right]

camera matrix
445.591613 0.000000 245.092769
0.000000 447.918615 168.317019
0.000000 0.000000 1.000000

distortion
-0.069252 0.100724 0.007356 0.001086 0.000000

rectification
0.992614 0.002508 -0.121290
-0.005241 0.999739 -0.022219
0.121202 0.022690 0.992368

projection
499.567344 0.000000 299.296438 39.480429
0.000000 499.567344 173.297215 0.000000
0.000000 0.000000 1.000000 0.000000
