# oST version 5.0 parameters


[image]

width
480

height
320

[narrow_stereo/left]

camera matrix
448.404665 0.000000 237.834693
0.000000 452.770103 178.916271
0.000000 0.000000 1.000000

distortion
-0.045327 0.037978 0.001441 -0.002508 0.000000

rectification
0.998525 0.000404 -0.054283
0.000002 0.999972 0.007484
0.054285 -0.007473 0.998498

projection
471.318424 0.000000 262.817389 0.000000
0.000000 471.318424 171.663256 0.000000
0.000000 0.000000 1.000000 0.000000
# oST version 5.0 parameters


[image]

width
480

height
320

[narrow_stereo/right]

camera matrix
453.722574 0.000000 246.553047
0.000000 457.461568 162.028627
0.000000 0.000000 1.000000

distortion
-0.063428 0.065997 0.005290 -0.000070 0.000000

rectification
0.999763 0.012873 -0.017581
-0.013004 0.999888 -0.007368
0.017484 0.007595 0.999818

projection
471.318424 0.000000 262.817389 -36.746845
0.000000 471.318424 171.663256 0.000000
0.000000 0.000000 1.000000 0.000000
