Stereo RMS re-projection error: 0.5979276060700541

Left:
D = [-0.04532733881774642, 0.037978090995122164, 0.001440628018097274, -0.0025080825386953835, 0.0]
K = [448.4046649000571, 0.0, 237.83469295285693, 0.0, 452.7701027893979, 178.91627059823912, 0.0, 0.0, 1.0]
R = [0.9985254969522884, 0.0004043527009348834, -0.05428322425094767, 1.9335878928295258e-06, 0.9999719922082003, 0.007484303269128431, 0.05428473019594612, -0.007473372602533309, 0.9984975296762116]
P = [471.31842358872063, 0.0, 262.8173885345459, 0.0, 0.0, 471.31842358872063, 171.66325569152832, 0.0, 0.0, 0.0, 1.0, 0.0]

Right:
D = [-0.06342775960050616, 0.0659971318082695, 0.005290223539638075, -6.971697894281475e-05, 0.0]
K = [453.72257392578297, 0.0, 246.55304654886706, 0.0, 457.46156820233, 162.02862682079203, 0.0, 0.0, 1.0]
R = [0.9997625645334695, 0.012873266004642673, -0.01758105741512898, -0.013004447854939497, 0.9998882943463796, -0.0073677109793883686, 0.01748424700833609, 0.007594593567884448, 0.9998182951192133]
P = [471.31842358872063, 0.0, 262.8173885345459, -36.7468446832628, 0.0, 471.31842358872063, 171.66325569152832, 0.0, 0.0, 0.0, 1.0, 0.0]
self.T = [-0.07794755698137132, -0.0010036779441741197, 0.001370725933609853]
self.R = [0.9992375140713607, -0.01273049322837655, -0.03690968727379368, 0.013268488169365121, 0.9998087377955899, 0.014367847761194886, 0.03671971805701135, -0.014846628228379464, 0.9992153121004811]
None
# oST version 5.0 parameters


[image]

width
480

height
320

[narrow_stereo/left]

camera matrix
448.404665 0.000000 237.834693
0.000000 452.770103 178.916271
0.000000 0.000000 1.000000

distortion
-0.045327 0.037978 0.001441 -0.002508 0.000000

rectification
0.998525 0.000404 -0.054283
0.000002 0.999972 0.007484
0.054285 -0.007473 0.998498

projection
471.318424 0.000000 262.817389 0.000000
0.000000 471.318424 171.663256 0.000000
0.000000 0.000000 1.000000 0.000000
# oST version 5.0 parameters


[image]

width
480

height
320

[narrow_stereo/right]

camera matrix
453.722574 0.000000 246.553047
0.000000 457.461568 162.028627
0.000000 0.000000 1.000000

distortion
-0.063428 0.065997 0.005290 -0.000070 0.000000

rectification
0.999763 0.012873 -0.017581
-0.013004 0.999888 -0.007368
0.017484 0.007595 0.999818

projection
471.318424 0.000000 262.817389 -36.746845
0.000000 471.318424 171.663256 0.000000
0.000000 0.000000 1.000000 0.000000

